1.1615551974157903,5.3691440247349576,1.704909523071687,-7.283335511410057,2.1975832044861967,2.2124797817752566,3.283460590119014,-1.6204305052115795,0.5303464437086935,-6.8658701214091415,-0.7446814576205067,-9.395920267579404,-8.498192769418214,-4.638615832973734,8.406610937644235,2.8983846367454076,-0.5964827530867494,-1.2812518058887026,2.951247624378567,1.8138208650391432,-9.075177839231014,4.21718797510716,2.992631774294657,-3.4700229938614555,1.581737941444775,4.136483269954096,2.1201876542939466,0.7274322415269383,-3.3098390378510913,4.753704309251958,-3.073953891715705,-4.322488787347816,3.6873040097094965,-5.904561854162209,0.8112086188769561,0.7967961385670597,-1.967012821502891,6.003495838142689,-0.7779989187049026,1.9199990711912456,2.537647195370732,0.40344623744034,-10.583392142472839,4.238152863591738,-4.233339800849928,1.9524273879715106,-6.9920367413645295,-1.7700585233593475,-2.8391869057973045,1.2172983711825092,3.8632618500445375,0.9823485582488101,0.6904854979104185,0.19630290877806278,-0.5381657139507303,4.052664055577728,-6.773654993050208,-2.652975507982286,-7.47788396634521,-3.5327555459833224,8.362090308116827,4.320525160586508,1.6049260214529752,5.583286220099257,-10.83499043057342,-0.6738345047977687,-5.515747203058467,-6.641772202549379,-1.7421398738207317,-1.5362844962581335,0.34823042773083923,-8.922742808397118,-1.2491961898341781,0.4589749469058759,2.3519738867641538,-4.217240053674186,2.844874408661826,4.02623057434819,2.6904232901622134,-1.469598474589036,6.418679016739315,2.555486368154468,4.193335095917375,4.164900915386742,5.587778509242548,3.984514883237063,-2.533960586104497,0.5644062288616354,9.091419854064913,4.565384014121358,2.808570138163609,2.2457464541136485,10.414030265336127
numHidden 	10
numGenes 	93
minGene 	-3.0
maxGene 	3.0
popSize 	100
maxEvaluations 	20000
tournamentSize 	10
mutateRate 	1.0
mutateChange 	1.0
seed 	1616601083818
random 	java.util.Random@77f14211
neuralNetworkClass 	class coursework.ExampleHillClimber
Training Set Training
Fitness 0.03424758389962233