4.254295587621238,0.5132504301478331,10.310536050253203,-5.517725078012086,6.7522542528597675,0.37213492744587207,-0.32309416802845625,-2.674997303772204,-3.573538151771883,-0.45293840379215666,8.301492381546705,11.924032602828998,-6.945376819806743,-2.0220176900956597,-10.291159591069562,-7.144968434386305,-5.460739731660727,-0.7370522909382107,-10.691984767435677,-14.727530035734663,-3.841760773741256,12.93587954914904,3.2809602947375502,-5.991157160219417,-1.3870831071784018,-5.596295372426581,-4.3323839654779075,9.039763617183137,9.128730804365699,-6.357115412803494,7.245392897446733,2.9061793659303516,-5.717024578150354,-5.1528212408659595,-8.560731982081165,2.745500611553239,-0.4080710456377208,-0.2522339834931753,9.074942035277722,-4.918511368814471,3.184420707955317,-4.706342254894158,-10.698830286166267,-2.5417132379963037,-2.8786537016060647,-0.21537826616181555,-9.541455568731877,9.377032310413366,6.0905620502545466,8.390640379606042,4.060692563129629,-8.195969898862169,5.31401250561947,-0.728779303639504,3.3800040352720693,-12.2324842253675,9.548865021134027,-4.775329445373597,9.39369726171245,-5.754412835093337,5.046849290297473,6.951752584198502,5.047188633817941,15.670922503871012,4.255918973707235,2.609925232438453,7.930408588546065,-10.061541325594254,2.905777288332441,-3.6363251549112228,1.5388787739211898,-11.199757248362268,-3.0862718840434145,-11.896757644133963,-11.694964911991164,-4.032777726298149,-3.720262118603001,3.4083434005360083,3.5364553836144337,10.110782880090598,-7.190487191867312,7.175276775125758,-7.7136788371794935,6.267390720902351,-3.888178803867582,4.105115908007644,-0.9923863434007041,1.8977436848837952,-0.13879053893418547,-5.532528512375087,2.6062196925615346,-6.962618193735255,9.79968473335186
numHidden 	10
numGenes 	93
minGene 	-3.0
maxGene 	3.0
popSize 	100
maxEvaluations 	20000
tournamentSize 	10
mutateRate 	1.0
mutateChange 	1.0
seed 	1616592284757
random 	java.util.Random@56c4aa78
neuralNetworkClass 	class coursework.ExampleHillClimber
Training Set Training
Fitness 0.021317318020729354