-4.36409997833915,-9.858644958596429,-1.778276775841464,-0.7181303691770955,10.650384990804291,-4.82549949765916,-6.650200016634427,-1.0046841886647613,-7.205536380740112,1.3726827097274796,3.5038846065642,-3.316847759131612,14.205141578506979,1.2993041771815808,3.0299027532160405,-7.754694610128148,-0.6676634858541206,3.0887023266481917,-4.868034536441472,7.868730120739462,1.9355391973928517,-7.327582912553938,7.999030690180065,7.703982008014316,-3.72674058622714,3.778183151143632,3.246510719845271,4.8758856662766865,-2.339266201926373,0.34538708100567295,0.23404599295423445,8.47496850732819,5.764729607957499,1.303461152612698,-6.392228197500901,-4.1771898609385,-1.1148587838027595,5.149917695251485,-9.109985410338622,7.1384445698796455,-0.958568785957751,7.442468841910513,-3.8985347952252445,-7.245565055319508,9.937831996021462,0.1849041804120759,-3.749515916611122,13.240227383725959,-15.175421341844595,2.139136790440686,-11.938696569751142,0.18687098474305053,-7.096692220931619,-6.66393793294386,-3.4624980260213887,3.991179575876344,9.243111106655803,11.48560768343019,4.869234986438148,2.7488932463284677,-13.820402167510373,0.6015860505410311,-9.207686883734134,3.3253806488020006,5.8626740642833095,0.9596996631436925,1.7943333380406385,-2.1810896817144956,9.999610737845183,-1.5027235489217778,2.5376730727352514,-6.034497887167515,1.9083275965386477,-7.05894425985408,-9.468730254492385,0.5558534499619587,-2.2483171899409395,-10.685429022526646,-1.5672846179822102,6.643821164709309,8.266916811668441,5.029417145956036,-0.6006915761220499,-3.7775759181720154,1.435255897970066,2.504919455543213,5.631309624714614,2.127311897639818,2.3550436574476894,7.188458522789641,-8.337236984400247,4.199138442180777,3.0876263597583415
numHidden 	10
numGenes 	93
minGene 	-3.0
maxGene 	3.0
popSize 	100
maxEvaluations 	20000
tournamentSize 	10
mutateRate 	1.0
mutateChange 	1.0
seed 	1616593002994
random 	java.util.Random@5d1361e1
neuralNetworkClass 	class coursework.ExampleHillClimber
Training Set Training
Fitness 0.09907102204164245