-0.6762243381670583,1.753072553395798,4.246966900460652,-4.360212387571588,-5.609967117627989,4.45576088687416,-5.795863795050229,-11.936128229190789,-4.345973805416248,-3.6812032949961875,1.62971285597963,5.384393501246834,13.511368371866945,-3.28502699978249,8.809379313757265,11.628222903628322,-5.628280324111745,-0.9026278237514775,-14.324965882332677,3.9453463636203923,1.238947828313619,0.7509826428051696,6.488817752369699,5.162370655620089,-4.577168572533447,-5.890622693953435,7.41622008969977,-6.260563946357768,8.338303041790525,-2.6404631306039494,-8.994212411297296,5.813583988034068,3.705643693783278,3.587198921752366,3.1691171938511973,0.5096709946335096,-2.2400309692237608,2.681909955578126,2.768500768041805,-1.364534493652375,8.31076538029893,2.6252534243929775,-0.6292504689731331,-3.749385054692258,4.662156396387743,2.6275258471187364,-4.885594229857467,6.4097122087583704,-8.48799527839401,5.857429252283934,-2.0362834820174998,-1.372257237401116,-1.007127883122176,-3.7738570882278246,3.8864186536215914,4.3017372981493915,-5.999714854172872,-0.15856143296663383,0.693554641951561,1.4455013567194523,-3.1263235328573344,-2.6607057868542707,-7.58178809024278,3.6548431087690627,0.3527897960282793,4.329765849479494,2.186249514776957,-5.78123526142424,4.527262965679783,1.6606661773688725,-0.45425223449404095,4.72763030383575,2.229523142181087,3.1069005790164805,3.173088274994919,4.402370562100661,1.9910487208230236,-4.564893228896897,5.7622450118828485,5.6793322777220965,-5.710522218066968,-9.427459165512413,2.730036776031694,9.333424155904424,-4.641036893125061,-6.174051926706115,-1.866234941260914,6.60776210939994,5.318592583842046,-6.249542372393869,-2.10116798870777,-9.55894045213214,3.793623170143335
numHidden 	10
numGenes 	93
minGene 	-3.0
maxGene 	3.0
popSize 	100
maxEvaluations 	20000
tournamentSize 	10
mutateRate 	1.0
mutateChange 	1.0
seed 	1616593812737
random 	java.util.Random@77f14211
neuralNetworkClass 	class coursework.ExampleHillClimber
Training Set Training
Fitness 0.028255456353908255