-4.581291449794159,6.132188332200206,5.7401442231892235,7.547401628749378,1.638696240785503,5.451888509685729,-7.922039827415343,1.647745823235864,0.03085198856828031,-8.06746698020779,1.035946779320227,-0.049207167996311085,4.241961235476492,10.258367422557695,3.357663941110256,-12.334790699721866,1.6080243268030454,3.516746347866299,7.7474148090382275,2.336055778230489,-3.5579108186989314,-0.10405302231105562,2.1706343545339974,2.007084503077385,-1.8149272183043177,0.24980417961157997,-8.772069406175842,0.666331779301041,9.531815855315621,-9.341503902342172,7.2765463769812655,-3.435704172442228,7.002036005454555,-8.355885376174719,0.5491778252701423,-10.507956157612895,4.720767548841869,-0.33355460638908063,-1.9662371112263628,-0.9578635107302613,-6.59470430881567,0.9286832355633905,5.329021499626682,-8.751697144614926,-5.274482717576718,9.364602583105375,2.079202524374014,1.8103499358548625,-6.687917631676333,9.958001726969675,6.917662784261499,4.358834230248967,-1.2684122293098725,-2.737965064992018,-3.8874212446291114,0.899571638461409,-0.2694757760870212,8.14034481363953,0.3092581445186475,5.701108517589546,-1.0304087641276687,-1.656297247865532,3.9021965677363033,1.4488222074220278,-7.672575857775874,10.56516350991252,0.6461902536788635,-5.5126317992755265,10.64769207833066,-6.916465012185247,-7.870506269207434,7.40873743543877,2.5359545585771213,6.009263834687946,1.6831770687833312,1.1162327073218012,3.4825802229677825,-1.5113684117869806,-13.810484891814028,3.8052225031977347,6.195456884497643,-5.998544558638739,3.078407712608909,11.049574070339112,-0.42885701726749037,-3.895718176254549,4.564506695378216,-14.631780785987203,-4.78446816331388,-15.374638854867646,6.878892304516229,-1.7306524437217066,5.84502222989868
numHidden 	10
numGenes 	93
minGene 	-3.0
maxGene 	3.0
popSize 	200
maxEvaluations 	20000
tournamentSize 	10
mutateRate 	0.8
mutateChange 	1.0
seed 	1616779935469
random 	java.util.Random@5f5e5e4a
neuralNetworkClass 	class coursework.ExampleHillClimber
Training Set Training
Fitness 0.019982894660933902