-2.7362626936959114,-2.3512846111147248,-0.5586540978216856,-1.5379005698831794,-4.112691356094355,3.7306173134508844,-5.362343432954534,6.8329678860810645,1.24139952610507,-3.8798641671127676,-0.264758682270835,10.596279958965804,0.1841131460692531,-2.429937802334776,8.006808226293112,-4.337924722448508,-0.13019696955051518,6.093360258321891,4.245547383949293,7.842744340973816,-0.059430510405911186,0.4277461774343623,2.9939241719245686,0.7096931415152774,0.661778222092857,-4.683168299427942,9.917023503888117,5.6817020829027785,3.525220246463249,-2.9432537413756323,3.6751215390212346,4.55463703280936,4.052518999278403,2.7005107283691316,-7.29710421923993,1.2192755739542331,1.927872895017745,0.9432928889573429,1.542914815792101,7.538624491563754,-4.826790902690055,-0.9699602954175273,9.808789337339185,-6.731789496152626,-1.149696349381931,4.032834689632082,0.46859418437224676,-1.4975591472237868,-2.2665864905281996,2.538692481454543,5.941910785835206,-5.582768190472382,-2.4575551514739136,-0.8306404344717437,2.4940705990479595,5.053721632031985,-7.339329111901584,0.42305113357263924,7.588915569999546,-0.4500141123334893,-8.217507002020106,5.083911349769263,-2.7733737759642256,-3.42271183231162,5.645726872261685,-2.1116536525703236,0.8459010926419364,-0.22549499551060492,0.8993759898905527,-10.731763130763818,6.110008249445688,-2.301024900258067,2.241843840547361,-0.19060350054723996,0.8239600373817049,0.22413164495826265,-4.763984987488568,3.569502989139292,5.345301891236362,-8.58611412604045,2.6666253813596335,4.593086466996871,-1.8462665879934654,10.69084002924718,-3.0481790460899436,1.8420208925242498,-3.2649776627715497,-9.40998465677027,9.954793169695954,5.328321606513754,-1.3876003554875576,-2.448106701503015,-4.437139020296319
numHidden 	10
numGenes 	93
minGene 	-3.0
maxGene 	3.0
popSize 	200
maxEvaluations 	20000
tournamentSize 	10
mutateRate 	0.8
mutateChange 	1.0
seed 	1616948157958
random 	java.util.Random@333d2019
neuralNetworkClass 	class coursework.ExampleHillClimber
Training Set Training
Fitness 0.02137580528754332