-1.3964608853342337,0.7024660652055967,-5.73416964202787,-7.036071392724795,3.8498508782879206,0.1253948991145002,1.4473179754192698,0.4936932488946031,-2.618098750434691,3.8434381837428084,12.502329429614582,4.553776085491732,4.017287977859326,-3.324936249341505,0.16723038189841954,3.4348970519663578,-7.672981201058455,-5.0318013182925245,5.7850064123870855,12.823914468117202,-3.2484949443017097,-3.151617247190071,8.759043657130867,-8.746534083672705,-8.98136015874979,-7.479300654151629,5.324465227968267,0.839365650736573,1.4315252435257149,5.188655825075984,7.488769998382035,-4.792204328025276,-7.0413501372229295,-1.4972061727975179,-2.2974968616986304,-2.0423103066010437,-6.387948101095629,7.48891824690287,-7.282826388111587,-4.865433050318515,-4.660765057430486,2.6304478128017577,-4.8283843482545326,4.010432504414769,-3.4176576381427566,-12.808507570160051,3.719479451297409,-12.029780282060095,2.773325761419171,-2.033122321939395,-0.030483151959247223,7.498611700877932,-5.663418625579983,-0.5675565418196094,7.156814461986617,2.141934571483958,1.2607597829736026,-7.256445275153086,9.297111112297587,-10.111821684702544,-5.020809326984602,-1.808131749097262,6.597819165490883,-7.335941324532756,2.1635977257092467,6.580014635986254,-2.891645027220237,-4.408608228146457,7.088512537586245,5.5109575845075565,9.988868781721795,-2.724085350646022,7.464033596093422,2.813406881917441,-5.639554117942141,-11.279955137110694,-0.9376946280028857,1.2367681823347985,3.471339532737325,3.456926494804451,-6.9216652854080145,-1.8512769603031742,2.872775608123016,-4.8035226438526415,-1.0315125543877004,1.2556419194853454,-0.5556416130269435,9.655004114966468,6.500249708449418,2.3406417552029266,9.443085924403189,0.3083153656937023,3.9245681669610155
numHidden 	10
numGenes 	93
minGene 	-3.0
maxGene 	3.0
popSize 	100
maxEvaluations 	20000
tournamentSize 	10
mutateRate 	1.0
mutateChange 	1.0
seed 	1616592627674
random 	java.util.Random@77f14211
neuralNetworkClass 	class coursework.ExampleHillClimber
Training Set Training
Fitness 0.03316458380856877