-5.9464548374126505,14.205727747021294,6.8820301065956695,-11.70630100044931,8.3137279402597,-1.1468054313899971,-0.19787376432677473,12.362552132646321,14.37158329991071,2.5512674966921836,5.1266347176825775,2.00534774775584,1.0999579405815627,-3.8955409094972753,-1.354900072721768,-4.43233382422651,-1.959969647976318,-1.339871797113168,-0.14876111823891502,8.065316780644885,1.2260124112458923,0.16358039785851552,1.411982059287726,-8.195629396203616,-2.803901493089806,-4.838917016809883,-8.173362468624411,1.6779329509063645,2.5172364053491583,1.9399902094387187,3.4855892109673494,7.221627556553746,0.27434351611859853,6.915097555976794,-3.0702626382081393,1.6484327842582989,0.5351375715649915,2.027765831928086,-13.85881208744135,4.159685581501899,-8.20020138000621,6.719277406519842,8.162491385044419,2.842737915700848,0.8802245494750833,5.772308696284025,4.2460319449187445,-3.5830766398191205,-2.4733089900231997,1.984325522807925,-2.923038868251947,5.97816417686097,0.43027187985052784,-0.7558715678604795,4.392370932324991,3.7187197770334137,4.977425660081892,-1.8723012789008049,-5.4638060241229525,-0.6377502327578144,6.318695915541691,9.611917561032904,9.143618877114598,-1.2444620796670627,-5.063473968824683,4.9246492624859135,-1.7593961152699369,3.69689189845088,-8.042269109851299,-9.092892545178628,7.573368624971923,2.657410627328627,2.9542176871598107,-6.44066035361329,14.949542309325007,2.5649777465436303,2.9110929828919145,4.672089522464373,1.7769411330508404,-0.7279852389677064,-8.58565679089814,-2.3817810637301973,-4.172252706075534,-4.283301032543469,1.9208178264653135,-0.5157079519836438,-1.4648438891098312,1.1135216966446553,-12.778703720751295,10.76784640246029,-4.153642614174472,8.772735565957515,-3.1070377979813752
numHidden 	10
numGenes 	93
minGene 	-3.0
maxGene 	3.0
popSize 	200
maxEvaluations 	20000
tournamentSize 	10
mutateRate 	0.8
mutateChange 	1.0
seed 	1616779935469
random 	java.util.Random@5f5e5e4a
neuralNetworkClass 	class coursework.ExampleHillClimber
Training Set Training
Fitness 0.017091486082924077