2.689019099740348,-0.5930134864766758,2.753498052736795,9.677645168896438,1.633580533370905,-6.586369233908309,0.3964871964931769,5.20370218709358,7.883356988750528,0.6246209305387005,0.7025986742774908,-4.597454065605145,-6.3681805664985145,1.494143119263085,0.6240446381363851,2.666484124957327,7.646376432611058,5.587566630155713,-7.10964402188463,7.571639879822843,-2.4016630706246547,5.055056594272837,0.308119875716538,-11.197528546356688,2.0316862769098005,3.5469625795623934,2.3995740004066146,7.131930492326714,4.610510282187067,-1.2779507100607628,5.960321068580909,2.853438739278843,-5.537369376528918,-3.838261918392355,10.637906179688962,1.8167226824225304,2.8022533826056106,0.8531400475368596,-3.658010077727475,3.662902004001902,-2.432835318554412,-6.559226759544714,11.193329725865674,-8.014908679060861,6.546242914522116,-1.8285396531719686,0.8027690091161084,-1.0408700610138606,1.4007906422028586,-2.1309818990740976,5.942916359572916,-0.5050819129799562,-11.90157557357266,-9.625044266693102,-0.8658156935475656,-4.84780797985834,0.5809938206549692,-0.32149025417585086,0.3133358927026668,8.945436028828405,8.978237267822127,-3.5660469230038228,3.5866799262074025,5.7309828052013145,1.3566147682363567,2.725224243912768,7.09153075253044,4.125217863486441,2.8579933471026067,-5.212468047558242,0.1985418530199765,4.846159299265821,6.135594873255891,-3.067298474163099,3.6839992166210216,8.001546479120336,-3.765150214089484,2.149636395541732,4.085149855086021,-2.8350714335463136,11.494535221863151,-0.2366205004853157,-15.776875835439562,5.0871043360942245,4.658811633384456,2.135866623256037,-10.163007269086739,5.583623592316364,1.1935024355488832,2.6785760634429767,-3.5810140369464447,-0.48007972499219065,1.7902017201690956
numHidden 	10
numGenes 	93
minGene 	-3.0
maxGene 	3.0
popSize 	200
maxEvaluations 	20000
tournamentSize 	10
mutateRate 	0.8
mutateChange 	1.0
seed 	1616624583394
random 	java.util.Random@76e6140e
neuralNetworkClass 	class coursework.ExampleHillClimber
Training Set Training
Fitness 0.014583728471192303