4.867726834559569,5.702656942964706,2.2581569060278017,-0.33063972466387037,1.7458731476127753,-7.023853769843898,2.6282227886848055,2.0374703255478464,3.9020581680448814,-4.167265718667448,-2.8045394306104754,-4.4506783615843375,7.213932795246995,-0.15389254387353368,-6.19100528301958,1.3828160010651693,1.5954979373232643,1.2493339347679795,-1.9868834026861695,3.684785992111517,8.665723357658969,-0.0734208205791429,3.091844814683804,-3.5537877270547185,3.3259535937225477,1.3266548007390715,0.8036137096708718,2.5745123215953036,-4.4631859991683385,3.0417509675049823,4.826295879716879,-0.9970693413856093,-5.033814637243509,-4.215068537871865,-4.092630428656156,1.0110390945984093,0.24817708322715593,12.677708426720043,8.376151930426055,4.451843924905447,-0.6511143588075283,-2.8757524688162035,-3.975370349282975,-5.710020069109099,-0.021909830910704198,1.1014872131398104,4.400526222868848,0.7519552240392242,0.1168877198349163,0.43469136582888357,0.2808565513901673,-5.526604236095259,0.5496388536296131,2.5556898081126365,0.5063270393367318,-0.70027692248315,-4.205553391218217,-0.6437078006938819,-7.543451312090366,-1.144318034245675,9.019757242466357,-6.947899348045305,5.233142678179079,-1.354379711978698,1.4155245718688603,-5.537825789946472,1.0924241588215606,3.280407588154628,4.055744469956677,-3.2122615297367316,-0.1685395187707961,-1.551637263990032,-0.45497786459757084,-5.161634634202457,-7.319089926354543,-0.5434555694692498,3.685194322309216,-7.293218747794077,-1.2048419344569288,2.5652473480898683,3.0288907094702457,5.1336996863427915,3.6548708177888694,-4.077477314512209,0.5052746960882502,-2.768195273088849,4.609205574361709,1.6770360432238132,-3.6909356764229013,3.8532496249361046,3.3845171660304283,-1.1934483671059333,-0.06270385153265501
numHidden 	10
numGenes 	93
minGene 	-3.0
maxGene 	3.0
popSize 	200
maxEvaluations 	20000
tournamentSize 	10
mutateRate 	0.8
mutateChange 	1.0
seed 	1616884706758
random 	java.util.Random@5f5e5e4a
neuralNetworkClass 	class coursework.ExampleHillClimber
Training Set Training
Fitness 0.02994131313750712