-6.113154442824711,-2.7404194287010926,2.874446141995834,-4.264198714394374,6.816042290097834,7.090059695718413,-9.10801011975442,6.543378748736453,-6.9528858900464305,9.994664406714502,1.3857146933821074,5.758581838575049,4.946342645368798,5.2112718168550884,-1.8211772729200373,-3.270502166666752,-6.2713017670613365,-9.276456265877473,-1.62024841367651,-0.24289349154116824,-2.8509522040759867,-1.0490292314851795,-0.024650789453849242,-5.467408155486076,-3.436188687242838,4.690760912570173,-1.4106077747147499,2.211965937115974,-2.571073019566213,4.8203010755221944,0.1666384810348256,-4.957993202214558,6.048029050837253,-7.186159424304506,-4.440595421870333,0.21518245083348475,4.570286216156276,-5.390531417860655,7.647955937028046,6.3324067750872715,5.860401909362825,9.78237936809198,-2.2822094149062275,3.491144423418251,-6.0761829044460605,7.337841694402176,-4.65380035140561,-0.40744506592996377,-1.9317896146857256,2.7322072101597734,1.0172797701452687,-6.0249663434031575,-4.082068650476284,5.9627208515477745,5.088872036341952,0.9326858027025118,5.771052303295785,-0.2631895862998048,6.576699735952415,0.06593628438176058,0.5992718990349601,5.838961553175384,-5.49972894879399,-2.2623482225508167,-5.761052146671229,2.8582018072578803,7.251912269368973,-1.8281755776433855,11.007084970240172,-2.578360490214154,-0.39540691997992816,1.9330356169020124,-0.9008485697992192,-10.0005716724224,4.566002644396461,3.663594285266,3.686142162009734,1.2039458808474164,-9.684369027119082,-1.9685881955948936,1.6263560452530905,-8.699099523779132,4.928409284902848,-9.144650083887665,0.14290012549603937,0.3824988881551743,7.49275660093687,5.32594951032914,-3.3090198728445506,-6.677267288098596,5.572680703507702,-0.8718801852326346,-1.4504146411297434
numHidden 	10
numGenes 	93
minGene 	-3.0
maxGene 	3.0
popSize 	100
maxEvaluations 	20000
tournamentSize 	10
mutateRate 	1.0
mutateChange 	1.0
seed 	1616593812737
random 	java.util.Random@77f14211
neuralNetworkClass 	class coursework.ExampleHillClimber
Training Set Training
Fitness 0.04164501254082169