10.464631571504562,-1.176151681465512,3.6208078523689275,11.160111479766325,-0.2230815274246285,0.8420315490113772,4.159744957376609,3.263280831652218,8.249681676108544,5.086618751400959,4.311970599784262,0.17601826644757246,-7.390908036124484,-3.1292146426718084,-4.409336706607541,7.3845960885085695,14.54869274089706,1.4336838052310714,-0.4776216860086304,-3.0326446049512663,8.4718359841058,-7.341050300431554,6.591911305787843,-5.221613828183341,0.1270542095780307,-0.535551770746749,-4.9586319617657875,-2.9044902188943107,-4.396654188538317,3.364908745518142,5.415228296524031,2.3387000240539706,1.048841561279799,3.839953526652005,-1.5165799842523295,17.189694547715543,1.560296535972654,-4.0416106314045255,-7.897839998309358,3.855655163288999,-3.037654887739662,-2.784513797247296,2.6875461382562245,-3.6806550001355047,-3.345566782765472,1.7333296712729704,9.279626376534045,0.2053997452905385,11.349831175415574,1.855191610875913,0.6648973572945618,7.366881399815208,4.3651133759688285,-8.266776903230003,-3.297072583115942,0.45840946231384905,5.139974663512755,-1.2353667331078526,1.8680259982683722,22.611775670908234,4.876238994261253,-9.325123287178647,8.06962167167208,-11.132942018283952,-3.418600169561561,0.6772331449182598,15.05524081707166,-8.763141535771936,1.3860154899038655,2.4565186994007107,-3.872283048438266,-1.8066033005250919,5.7757675658347445,0.7305319758201172,0.5234923038007744,-2.0321939152270483,2.3379757784662107,9.83619474379168,-2.398390189365056,5.338081304769353,-2.2311551801736336,-3.831794000264045,-0.016774060728979023,7.556742325771125,-1.7782943184741073,-5.633609702864906,4.959211652125623,10.73138446227103,-0.4020038621660671,-0.0962221021159646,-8.151359493455287,7.320895467741758,-4.90828964069425
numHidden 	10
numGenes 	93
minGene 	-3.0
maxGene 	3.0
popSize 	100
maxEvaluations 	20000
tournamentSize 	10
mutateRate 	1.0
mutateChange 	1.0
seed 	1616591934270
random 	java.util.Random@56c4aa78
neuralNetworkClass 	class coursework.ExampleHillClimber
Training Set Training
Fitness 0.01849403467721474