-5.265333083374236,4.931868948434144,1.064978218381258,-0.5562079581820587,2.3545848176619124,3.3919657221147315,-4.277294605534175,-6.750103381303962,7.097238821244303,1.4438015832684536,-1.043326392135155,0.07390605899809355,2.782648628240424,2.0882685324050847,4.555383495516223,-5.735800094450926,-1.4474389868152633,-0.5479593483378862,6.39488437290267,2.771860697216214,0.6930568891181501,-0.8404581092048087,-3.1403110793678275,2.01242141874974,1.317759283768643,4.207713275551386,7.22057143788882,-6.175502402708371,2.2462987637822334,-5.798817667699492,-0.5134755043118782,1.0577123621930102,0.9498011986533195,5.201924985570591,0.8790040667278003,-7.437441243030072,-1.3402280257206876,-1.9685064731978184,8.394956960113483,-6.217421114517844,1.6488613841181623,-4.364630536531046,-4.0690197131160035,-4.235529666352078,1.2916040992593478,-3.9220176902667365,1.134323868887086,0.20446996543990936,4.800334744793801,3.8834225408276435,-1.4726944416148768,-1.8604059325809352,-3.4939076854650057,0.7708588109826424,5.520067252871474,0.07005202621992712,-7.783565226283839,0.35515632135211384,-1.3175361632353928,-2.3356156792822125,1.531694411976635,-2.907824914747314,-1.9107719364625915,4.751607456106751,-0.9616862196885192,-3.355287196761698,-0.3165774673490791,7.044887769716418,-1.9774872832022652,1.9290415868415698,4.42154385473563,3.968994469665117,7.75964394063033,-0.6265285169201622,2.469505025250504,0.07902280498002057,-7.465793534036843,-8.620642543291758,-1.0879174794278041,8.860606501506918,4.332594788442595,-11.378547134086634,7.319271204252164,1.1920780458174178,-0.37473042609070184,-9.341505632877677,1.0813528880155445,-3.5732324478434343,7.817146811470703,4.346390708840232,-6.319658559164539,5.918864388328217,-5.205387388337003
numHidden 	10
numGenes 	93
minGene 	-3.0
maxGene 	3.0
popSize 	200
maxEvaluations 	20000
tournamentSize 	10
mutateRate 	0.8
mutateChange 	1.0
seed 	1616626664988
random 	java.util.Random@1f4ac38
neuralNetworkClass 	class coursework.ExampleHillClimber
Training Set Test
Fitness 0.020191135133204002