-9.923870161063874,-0.4489824180462545,0.8428787165823008,3.330896686823748,-3.650560360840048,-5.575965236189461,-2.0206463189620925,-2.8765376775583853,-1.4960060626099176,1.398784318156478,9.48908207827324,0.8941337349462843,-3.1212713342544767,-1.9138832673542554,3.515118829378455,-7.000668836825889,-11.843629220650033,4.616935491049741,-3.63524888234278,-1.1477190042223686,-4.807434691079344,0.38941798720675447,2.9776500525742158,0.6736952043296975,3.7022000824313657,-0.74918785869342,4.539155168843037,-4.980596447775314,6.524792651722038,-1.1218475154463121,2.2134831389384564,7.9068996190531315,3.993536062471467,-2.590652066224834,1.1181380313453015,-5.256380919073994,-4.077165967045884,2.3507039586889915,-3.0052156638575713,-0.671869159436179,3.9068930207584245,3.4490498809756804,1.553327860424477,5.951278225042614,-5.012829668289306,2.5662515699086983,0.1749353461328269,0.06767009740228325,7.299213696392302,0.6310017975727815,-0.4437941717247771,2.138776323979096,0.04966011319668251,-4.532614847131887,-1.0393054588213149,0.06724791422810483,4.101899531170804,-2.2881721297767905,2.0154697362625225,5.147934270002107,-10.435860932493432,1.1296510799195794,3.4493730511146765,1.6544362417253025,-4.923659324359755,9.429553481328998,2.816131910000691,2.0608867311100108,2.9827391292745284,-0.8510371951117666,-8.920536589277132,7.46701633203422,1.2543812627228306,0.34530044757841516,-3.0412125766356795,1.0504141243127894,3.8913608041263172,-4.3221842819646,7.143156869221359,4.313259783225099,-1.412840300189548,5.001755912868823,6.877491044453073,3.521656802193344,-1.32226050782082,-4.178756269863197,-5.990810848134436,3.0540601986801867,8.825760176288346,-1.1406495975352877,-2.6453203798483633,-8.618851224317513,6.505541793211549
numHidden 	10
numGenes 	93
minGene 	-3.0
maxGene 	3.0
popSize 	200
maxEvaluations 	20000
tournamentSize 	10
mutateRate 	0.8
mutateChange 	1.0
seed 	1616779935469
random 	java.util.Random@5f5e5e4a
neuralNetworkClass 	class coursework.ExampleHillClimber
Training Set Training
Fitness 0.026144440751987436