-6.719393034530874,-7.664506891627572,1.2763350501881496,-0.4293998871067628,0.5913725406924457,-9.896022620232925,2.2869076093194485,-12.838726666131294,-5.981466275746834,0.40085109874337954,-0.6290136815719047,-5.568811349512074,8.07728231068442,6.318632825716915,-1.9071023720827736,-12.159677760342891,-2.891495619773372,9.554012866007149,8.669701686045327,-0.4242247498904277,-1.661862177639053,0.7214489794001375,-6.171870213034712,-2.5845566319275153,12.6828592661893,-12.368175864134667,-8.445328620065613,0.8322326098090933,-3.391078351912056,-3.778589037058536,6.907935551662833,-3.933946488862433,1.122452747097551,4.822240164597482,2.6776544206058794,-4.509562142844324,5.928506599981565,-4.84166374931967,4.477422351909434,-1.112268644414086,-0.05735585800547538,4.833139528721876,-0.15149696914876154,-5.778578332043434,3.6728042921648276,-1.8582073978066882,1.1297720052714473,-0.8437230617390297,-7.4892880760948195,6.797832054825088,8.214092820262628,-0.07342838346360026,0.6810518719958099,-0.39281959651709375,-4.135837519362674,3.1897929328330905,11.493124047486171,-1.7468011840103816,1.0010962277963804,5.227826102619698,4.623677067901062,5.174914805839307,-3.6932482970797493,-0.7302737748822699,-4.56889431917283,1.0264016965658644,-2.403964435370371,7.809797904420833,2.7601772534513085,3.39864629288434,-0.2818407395047662,6.581806736711275,2.3429400075130893,-4.633901738752971,7.236054346492643,-7.6752367887532245,-5.264549336343683,5.988456361705249,5.810886369757991,3.6378216413033297,1.7514393073268,-4.845896144161923,6.083843391836935,3.071454246443798,-6.436981631157568,8.094967529732765,11.90010839387081,3.1391612628296928,-1.9649748443508566,4.533432071218575,-1.0398398484957685,1.1585941503128696,0.44357089525873405
numHidden 	10
numGenes 	93
minGene 	-3.0
maxGene 	3.0
popSize 	100
maxEvaluations 	20000
tournamentSize 	10
mutateRate 	1.0
mutateChange 	1.0
seed 	1616593002994
random 	java.util.Random@5d1361e1
neuralNetworkClass 	class coursework.ExampleHillClimber
Training Set Training
Fitness 0.07030744942373926