-2.467713139395488,-5.548166486804872,2.270876036074241,6.262191753412512,-15.24792891470442,0.647113881130239,-0.5113808664173725,6.187828005280603,7.930315632120218,-7.3550859074038915,6.4084356237855395,-5.06620424630886,6.79291835991047,-0.3488618662757075,-7.120194772548512,-4.211819435143594,4.517969260468384,-7.281534688208049,-12.43114692806928,3.2160329162227272,1.6172352187270302,-1.9732284521069552,-5.594794140367238,4.854871960039969,6.079536246234452,0.10657923676712677,1.2022078907503353,3.516787397145567,-7.903490272040318,-10.873673960917614,10.35204916364733,2.8286690509752557,2.400243407866679,-3.192401150442879,6.05008881716453,-9.820794404024006,3.1387396017787914,0.6633415136626386,-14.75710709458324,-4.634099725798782,-0.7008394866098833,5.072402291596283,4.422241884145432,2.7474642200412642,4.960288689581139,3.2096470115236917,-1.4974082553107637,3.8065547782139344,3.1146177632783463,2.044224526625504,-1.677783475859508,-1.1850641149912455,-5.553022932830887,-3.5005723357308316,8.798482202001928,-6.232250974947432,6.29057640622705,-7.56404483457238,-4.554550922542558,-2.084310408792414,-2.997159311479299,1.376237340040503,12.827223416865284,4.073495660682556,1.212389394460537,-4.169150928757026,-1.4267801197775922,1.420263437790517,7.785001494567311,-1.2811081384366583,-0.1782698935258864,6.73171439668436,2.940388024077441,-4.307412629454059,-5.614078351207071,0.896647763798395,-2.276918523030128,-2.8178174656632873,8.551636212962272,2.1694217176779667,-0.010265984834762598,-4.3293725897153585,-3.7809225636988213,-11.102584413563306,-2.7783986302071533,6.08834581033053,-3.9092739491628308,2.437035983044132,14.804973915962965,-4.713222993613016,-1.2144555075988723,5.633937318632359,0.943799925758209
numHidden 	10
numGenes 	93
minGene 	-3.0
maxGene 	3.0
popSize 	200
maxEvaluations 	20000
tournamentSize 	10
mutateRate 	0.8
mutateChange 	1.0
seed 	1616884706758
random 	java.util.Random@5f5e5e4a
neuralNetworkClass 	class coursework.ExampleHillClimber
Training Set Training
Fitness 0.09907076809266717