-0.8167318701257744,-6.3845009284742025,4.692819991873198,-6.220435995218527,-2.4733276326152307,-0.23860043097059402,-9.056060393429465,-10.045977188111124,5.5668922188997625,2.6101407604852627,-10.73304925843089,-3.127649091938209,2.2368321339969697,-7.187555580366085,9.734389464012413,5.046730408612678,5.935863950701862,-7.55285031097988,-4.921638285088597,-3.4504234597512573,3.623302650107161,-5.637075922756908,2.573029590618069,-1.333990852681964,-0.7208534109287528,-0.3270996716338954,-2.530366887479646,8.649709230915644,4.487290185077777,2.8432952992433718,7.588280217432701,-2.72932566815496,1.8288459481141086,11.721356443213104,5.221916142766258,-0.6835667925733877,-0.7568683802881382,5.589784263376859,-2.003451049636438,10.918825306962832,-1.4787012985987296,2.7140726349812683,5.957983608464325,-10.273499630798286,4.842505304110698,1.0660064364697166,3.518989421587106,3.328838749063041,-0.05504778201626315,-9.239145567257774,0.0019930538404946407,-2.0399623252956554,-6.4559725112670066,4.637589100005082,-3.4489327790915594,5.772662285065871,-2.832775216507847,9.94076524517919,6.56315205082938,8.067998057801185,9.670422125165475,-5.170515500517591,-4.497879359050025,-2.593904437297551,9.132531778831702,-2.7568319377032386,2.4104720968734554,-0.508557366316936,0.7954511402106816,-3.904338571957158,10.822104865281446,5.740744576584263,0.42366734524227345,1.848487403954817,8.305799138662817,-4.512658112520312,-1.4972067966807618,-5.9691387109472425,-5.267294788881612,0.4623409776821341,-4.12127311528204,-0.771617779743329,-2.0376923142770496,0.7155815940997479,5.759058493303754,-2.7458927025087494,8.38000917328837,0.9001082814224448,6.855760237480121,-3.554985876721153,8.195645947144504,10.841863889341917,-3.3568741696672673
numHidden 	10
numGenes 	93
minGene 	-3.0
maxGene 	3.0
popSize 	200
maxEvaluations 	20000
tournamentSize 	10
mutateRate 	0.8
mutateChange 	0.8
seed 	1616602835389
random 	java.util.Random@1c1e78bf
neuralNetworkClass 	class coursework.ExampleHillClimber
Training Set Test
Fitness 0.02977521069592333