4.987585887190805,2.27163462443234,-4.429230339894145,0.7718818358037272,-5.2460373284830375,-10.341285037646287,0.1845476960530812,-5.985501300037933,-0.9224382117891112,4.409509836176361,6.978289835642107,1.6871810096141227,2.0637533356529403,7.466332700325809,2.2833651287663193,2.583972197884279,-3.8284842702508266,1.7976562819653097,-3.538612735953114,3.3233367061585435,-1.679277449432539,-3.5567424239014223,5.341208774914218,6.062848646887213,-1.3380579597903708,-7.84662192077419,1.706213781058345,-3.740109268244648,-2.0345267702405367,7.296886977854065,-2.3256217822108898,5.656282796030422,0.779706564333277,3.0161699493780914,-0.39932586564466277,1.3112397277480063,3.3897523067546382,3.096698438768338,1.6060058163254052,8.341046053609656,-3.8243590309285427,8.696973043453642,-6.001026141164703,-3.954682065608422,-2.7747399796764833,2.9497626258154925,-1.293627000415257,-7.691292380131658,2.0005500592446017,-6.5016965411957095,9.36543881417504,-4.436611817839156,-3.5136594615309384,0.27134773002365975,-1.0445321818245628,-2.8183554392339065,0.5695704429230699,-0.7713069586692312,-5.241455068635355,1.9393779165282101,4.402491512336954,-1.5759449126956273,7.038721461106038,4.150315002522827,-4.803183505169791,2.534878781952772,-7.883904156813363,-7.782799428516785,3.2766314252510504,-0.0010774267294175743,-3.513139603958999,8.680234281647785,2.2862518235937417,3.0751788371266313,10.302484218418128,2.364495655673619,5.2050604057774175,-4.488067215154789,1.8708131378593276,-0.06290966876421145,-0.735275171348805,1.0574929573475913,1.8789775592685345,4.081228536992091,0.9950534147229031,-3.21063597270951,0.7626071858970631,8.578436841838986,-0.5568961742770533,-1.8346363899930571,3.0579616443249678,-3.138414251819918,3.1160225925587435
numHidden 	10
numGenes 	93
minGene 	-3.0
maxGene 	3.0
popSize 	100
maxEvaluations 	20000
tournamentSize 	10
mutateRate 	1.0
mutateChange 	1.0
seed 	1616591934270
random 	java.util.Random@56c4aa78
neuralNetworkClass 	class coursework.ExampleHillClimber
Training Set Training
Fitness 0.059420067097593655