-5.983614325585656,-8.971509204747731,-2.2000830468727965,7.383339118138303,-7.584129073712617,8.378655993458253,3.3841810878331344,0.041291492826077913,-1.4103822818783929,3.5429704472347154,5.88059953508683,-4.102811062410811,1.9418829902795487,1.3498478137608707,5.292032120511006,-2.872163223308137,-2.472554496117776,5.068717154542661,-2.9898594783729138,1.680466238578692,-2.0192048178002455,-3.6759037973622144,8.44474922390586,13.143776699802167,-10.53142592294218,0.9775426984991746,3.0489863129908006,1.3741791356317758,1.2535885343015796,13.844610228331446,2.6322338487828825,-4.865983919549107,0.17550683373910037,-0.6223923402543603,2.538464303861746,2.9809543087236543,2.5076521548787056,11.646131340380169,4.390582913184821,3.5676692800337957,-11.758897554810144,-1.9139861414121198,-2.338051619463691,-0.6316381585968642,-2.123400434175224,4.56350064895765,-10.665713539148374,2.6435693561144937,-9.728428313369292,-6.684856416890346,9.336760010085893,-2.8128435965240577,-3.0061318682768974,0.2750654932508958,0.3340056885885776,-8.930711164268528,9.975601533807353,-0.8100700573686908,-1.2585052507655705,-0.8033765870518614,-12.960208988552854,4.748111882804421,9.594619840378652,2.055857714985181,2.0892960589071876,2.713248607302959,-3.9165385697749655,7.489217046142212,6.40182724110489,14.753511027435687,-3.811771299752772,1.77036815779568,-3.4333814164574115,4.2966161207761395,4.910920945673763,-19.393322297494176,1.1276393346045381,-7.683232700391162,-7.903200147772871,-3.011348008391691,0.9650259167657538,9.473384197377127,-4.225188065612027,6.039816552984998,-0.14929531877308122,-3.527344915087511,13.319145159554438,-2.8097812704980543,5.455979448757843,-10.088384228128831,-1.45534814523083,5.104154107929505,-3.6318509911050585
numHidden 	10
numGenes 	93
minGene 	-3.0
maxGene 	3.0
popSize 	200
maxEvaluations 	20000
tournamentSize 	10
mutateRate 	0.8
mutateChange 	1.0
seed 	1616884706758
random 	java.util.Random@5f5e5e4a
neuralNetworkClass 	class coursework.ExampleHillClimber
Training Set Training
Fitness 0.016292201523454553