1.9462007864952808,7.570942452110944,-8.364752617797985,-4.59374669629097,-1.2897705422829258,1.8587283928323541,-5.0982738873408575,-2.822023763971554,14.419253158797716,6.610551582987052,5.341713652914608,-4.527439432421138,-2.408134539438181,-0.4081883731203466,-14.593794463028344,0.39576338828463364,-10.676249668578146,2.0238856789546236,0.6917565606925473,-0.7571687782357173,9.32931264987731,7.6552851211513255,4.900577199943448,-10.322529939151933,3.021578101667388,2.418797052116238,2.445042768174832,-9.123471186061943,0.8175562045004008,-7.051186242832405,4.657056101391606,-1.1949691074710898,-3.5753794091655795,-4.089206964368278,3.1248081468983786,-0.39232215152540095,-7.680678919294965,11.96002440662367,-7.070908546947205,10.11192535427518,5.173399988691939,1.3996103620728466,8.288435276617818,-8.165774459083655,-3.5873551766787255,-1.1521932648999873,3.7469319277317092,1.0650066121613158,2.2125686395268325,-1.747398723114119,-0.049258346281403353,0.17944810020176427,0.640770924484352,3.806642897794969,-4.941130341251825,2.2800959558741356,5.7491870040855675,-0.08163185728117361,-5.079085951478595,-1.776158235480138,3.6002979295305257,-5.214592858956584,10.529101346383216,5.619779319347635,-1.3202712569284778,-1.9059150779526706,1.5140284075343342,5.105933653403484,-4.696476107150246,1.1340683885167788,-3.5968585470885923,-2.2781577362640015,-0.9282515318332396,2.7699427855944663,10.39809319914234,-0.7095476509981227,-6.649078303863648,7.651737854048162,-2.8482722348302767,0.6067841962071898,2.386149874666067,2.5741567587633916,3.2375509943316043,5.102292598592618,8.349684697737159,-4.590505105911601,-7.695844486755807,-2.6871549792008613,6.02599234979059,4.9419718605721386,3.094178460816096,9.92471561589522,-1.2857216403511174
numHidden 	10
numGenes 	93
minGene 	-3.0
maxGene 	3.0
popSize 	100
maxEvaluations 	20000
tournamentSize 	10
mutateRate 	0.8
mutateChange 	0.8
seed 	1616602254167
random 	java.util.Random@333d2019
neuralNetworkClass 	class coursework.ExampleHillClimber
Training Set Test
Fitness 0.015619267243552431