-1.148918870045796,0.48752950789885197,-2.5287125174867873,2.978221363278061,-2.064438947367727,3.771322344640103,-4.283232477073222,2.097971025874663,0.6646360585128684,2.473090658481075,1.4960883518274906,1.638501383370886,-1.2892196743764281,-0.8393389257655025,-1.143972579290256,-2.002343749503613,-2.794251449961746,-1.1112896209247007,-5.590519146012477,-1.954402827426387,-0.11862820598914625,-2.2551964332057484,-5.749421865210411,3.0316887830316235,5.042680828594209,-0.053410273357947013,-1.4907035020503114,-1.045061260403754,0.5165068590329314,-0.21014588982398874,-5.7677208090544045,3.4709309567808466,-0.04730138153865038,-0.08452330718200096,-2.245699959246645,2.5702972123489523,2.276574337752171,-0.3807864190075587,3.1900499819199064,-1.2866161902558002,1.5002139446655098,2.2715729350070726,0.5286536501532382,0.6428779757951356,-0.503317569327458,-1.054081866851228,-0.5464388091982155,5.3207682489060675,0.12525526803177744,0.47128973657217155,1.4381938473035287,-0.4518763584080505,0.4672067985050772,-0.46770244329649713,-1.9170447426914965,-0.37421573367367844,3.090702263726551,-4.6682072792937435,3.6619566441461218,0.30116532915317706,-2.190179138774982,0.9128906523372712,3.238036185470778,-0.379012005749906,1.1367221275669923,3.9052726297392937,-3.1176100218073026,6.1718576308772946,-1.8525514323628505,2.4165553466935568,-0.49963644024258813,-2.4597799390950708,0.790847356565857,2.2328778052568317,-0.6823104700947672,2.4603368587627514,-3.6334258160283377,4.623709329253319,-2.5783102282539483,-1.5564725965181685,1.5821278199740703,-2.13575096645211,0.6796961759985124,-4.305960579631741,2.870349036802674,-1.5053589629290522,-5.52782266396852,1.2165125811143542,3.307800598864223,-0.8714092622709163,3.5807929073050597,-0.5928829843863574,-0.6790686765663382
numHidden 	10
numGenes 	93
minGene 	-3.0
maxGene 	3.0
popSize 	100
maxEvaluations 	20000
tournamentSize 	10
mutateRate 	0.4
mutateChange 	0.4
seed 	1616601671286
random 	java.util.Random@77f14211
neuralNetworkClass 	class coursework.ExampleHillClimber
Training Set Training
Fitness 0.00863061729081768