0.8234537898959048,1.244131648181205,1.2277380228774355,-1.34445573802989,1.380160781045399,2.2284428447919113,-1.2034377023946878,-6.743877374556612,-0.7028377073238788,1.5220657244056701,0.29051228431602727,0.028122411881505216,-1.398811587107553,2.1025569531979293,2.0518524741482493,1.011667332545743,-0.12088813661581865,-1.440239708076954,-1.0689024638300029,2.2775174282079784,-1.660984052062099,-0.13374020847319457,1.3700516456880818,-2.1478907464892902,-4.131440821973975,4.545102819603955,0.8089207288623778,0.898234710115864,-0.2320793591893875,-3.6067714108852402,-4.3530691987512355,-1.6146216753357776,1.0232790751090115,4.129582043873978,-3.9066979903657413,0.16303043893545077,-0.2870456811978266,-2.8150546109881747,1.8903567145195095,-2.5329071380795085,2.4020065511973288,1.9360589600209654,-2.727043969696401,-0.15621330457766003,0.1822665137385463,-0.7903427826933412,-4.151615513066085,3.2672717138561995,-0.4465635207363836,-4.3574126559627615,2.3382229430130193,-2.143516711419554,-1.1829225508847903,0.88222858181483,1.1186730762899075,0.26348720201820464,0.8689679578648758,0.8469722692647602,6.428215997582595,3.9099539165365083,1.226491109757569,-7.260423078658213,2.3814127026557013,2.9901462119095803,1.4163819202548837,-0.18324802478069036,1.7350737493190014,-0.461886144727121,5.674333726236912,3.866375211781826,2.297948485903334,5.273586105194845,1.271638509129843,4.129294279774232,-2.242495538550645,6.995346482784054,-2.7147933056903857,1.025710964456194,-0.0827078876585926,0.3826750070398621,-2.334018271467611,-0.8933094772048246,3.8958095934439303,-0.20526251150739805,-0.7630593525821344,-0.6506108242869927,-3.2672952327984905,-2.575399856006099,-0.6344600203255907,2.650138008888968,1.4805746299483822,0.768842063833234,2.3066392107812845
numHidden 	10
numGenes 	93
minGene 	-3.0
maxGene 	3.0
popSize 	100
maxEvaluations 	20000
tournamentSize 	10
mutateRate 	0.4
mutateChange 	0.4
seed 	1616601391537
random 	java.util.Random@1f4ac38
neuralNetworkClass 	class coursework.ExampleHillClimber
Training Set Test
Fitness 0.008207322356446818