-6.836177007880279,-1.4830985329385227,-0.04715400583483742,-1.6814017823993357,-5.495414418299228,14.276823953260596,10.961959274172923,-2.8518926045486905,6.11930776997875,12.007009018976932,4.290408286370081,13.582421093923594,-2.8406147586779316,5.33071914617903,9.157614971810641,-7.4083002839340235,-0.7258511677490675,-0.6120530512039455,11.420129221987683,-9.075881669700689,-7.113455206800193,7.14890099484389,-2.3643460306670807,1.3571343783025807,-2.5555848691338428,-5.300403523967001,-4.213035448960798,-10.431222095491442,-1.9649895666969108,2.5448996090129326,4.521131262764118,2.2905258971402596,-10.579706938685405,11.316172946831346,2.6481244165497637,-3.2861324356496073,11.158007949530004,11.049962673109098,-10.530947309251774,-5.129285852278631,6.018421154721291,1.4209700677633226,-7.7320418911257125,0.8933533215967668,0.3890477106928971,7.966840773930481,8.002264430302588,5.682697380283079,-2.220387377000013,-1.5658917283114828,-0.1343561799019568,6.57411760360751,-3.103090004115918,-0.09608036589731217,7.973242530840032,-4.911791816683683,-3.945850559124491,-2.6770276784089893,6.932875581551015,-4.210634562533139,-12.08820403148739,-2.5306142011201267,9.516972534907211,9.64812060217512,-9.283162070596504,7.225027751013926,3.0387313643859954,-3.8862957077615494,0.3148338237819077,7.305115028461433,7.36210371320675,15.351375748641559,-0.7459871224619272,4.312702096376487,4.738912425195821,3.784587518821816,3.2831276937765503,1.1399691834713988,-2.132430473027071,-9.794886114848104,7.464676277173171,2.3300194916124743,11.70653926242766,-1.7251933893240325,-2.0174655867168636,-0.957810440633466,-9.34814289816738,8.240699380415975,5.517960524527589,-6.269324212590767,5.701693416203593,8.12072074967816,-6.199641542573987
numHidden 	10
numGenes 	93
minGene 	-3.0
maxGene 	3.0
popSize 	100
maxEvaluations 	20000
tournamentSize 	10
mutateRate 	1.0
mutateChange 	1.0
seed 	1616591216245
random 	java.util.Random@77f14211
neuralNetworkClass 	class coursework.ExampleHillClimber
Training Set Training
Fitness 0.030604445614410385