-0.8126029453514043,8.824555514605457,3.225922719316581,-5.642973318061567,7.385230325311305,2.801556812643045,-1.6168932432832843,11.530182857827324,4.722768602427471,5.207094282801883,-6.53772634075416,-1.0849032411102106,5.91457846502291,2.7665677743658925,1.3345433027902054,4.040112689808318,-8.593438524401419,2.2954941585402207,-4.354260142984601,-4.58535679529431,-2.382153178982942,6.968699112555983,6.838495698241346,3.0618723624455493,3.2189225660210035,3.1630247596342143,-1.4083336464342349,15.184512631383242,-3.9993708043679606,-2.0469201824243886,4.6213313909807425,-3.543766802521234,-13.847682136757072,-6.974889615902088,3.7700769884962,4.585666747088385,-10.031360694609955,-9.102887863746236,-2.7688199108917946,0.3917085279567516,-4.8568904391430205,3.893853832920512,7.611733710016514,2.6581079986046436,2.8827628073709413,1.3235288215763221,-2.6663230249060303,0.5021593541414395,-0.9081204237687679,-4.261702359089029,-10.395887697898015,4.896587886216526,-7.176052475022945,-10.965969399549497,-3.1437821189350608,-0.6744716319801345,1.0896840000076633,-0.5448901388722751,7.1694823588888505,-6.665211098072985,-9.064878860774176,-10.681808357916472,8.722911852421165,-0.046610357186470885,-3.5325704591799383,-1.545617624576693,1.817280520990117,-1.3823365353319605,-9.792678389254618,1.9923230670414438,7.422420036231195,-0.678999140808294,8.785556168698774,-0.8347705422355025,8.562961272193927,-4.7583787048583766,-5.422770446093579,2.322977406848347,4.150867528625573,-1.9324537860555218,-14.618784184379756,12.265872104166196,-5.894483230084176,2.6422499897586444,-0.2967106965196056,-8.6102136659304,3.772016000050032,3.3962572851533395,1.5901324542558157,-10.057100791339082,-1.2441506626850893,6.30925768821432,2.2876067776702955
numHidden 	10
numGenes 	93
minGene 	-3.0
maxGene 	3.0
popSize 	100
maxEvaluations 	20000
tournamentSize 	10
mutateRate 	1.0
mutateChange 	1.0
seed 	1616593812737
random 	java.util.Random@77f14211
neuralNetworkClass 	class coursework.ExampleHillClimber
Training Set Training
Fitness 0.016367122378983148