8.509890241547318,-7.006057065414691,-9.89921147008667,5.797092237575205,-3.223659331740553,13.214251139930989,6.105328932631004,7.655533756847801,7.982282265825683,-8.32399604095899,-2.680746107413425,2.472162255218689,-5.249249925207643,-7.009692463385697,-5.954752159479074,-1.3433581662231893,-1.4730086176593584,-15.938416670615565,1.5239366426640153,7.893359186211033,2.2089356432816065,4.415057934905295,-4.177635804642094,4.055160667423514,-9.619973797487024,-3.1818695692783923,-3.1013484062818417,0.6466501193123229,-1.1752273436610414,-15.647955931591248,-4.262932942905108,5.889537966786108,-11.893008220192076,-1.4507131806624711,17.641091085689414,8.86526060098694,-5.2221852785018825,-5.141383640860367,-2.3470796895440866,2.6203299450939124,10.255148536572221,8.533600210061747,-3.36378267186274,-1.1823988618051269,5.578386801892792,-5.937961444201575,-6.185232624827758,3.38188552502078,-3.90822384694673,0.4626278884939943,7.503066015428965,1.6410681860017329,1.6469531781599063,-6.828299484351001,-17.60428028073242,-9.295876886770948,-16.860222488053566,0.8268686228399185,9.100901610162712,0.24515653222649814,1.1086929873983031,0.025876472489109403,-0.3910370779541319,-3.522161835960061,2.7214621057027584,7.097957344482513,1.0806604219391875,-2.092679002825557,-6.235774873124367,-10.928532235119286,-0.279679328097302,-2.5630219243543255,8.221445743378952,-1.6444359586760786,-1.4323808491340326,1.5850242265638137,-2.302583267064297,9.175164908438598,5.797513172526337,-0.06867785307897378,-1.720397030871501,2.5074300154360962,-8.438772965434463,-3.532591727823739,-4.5187847206368765,4.1644697297803805,1.5320463639993394,-12.73699467127982,8.625012113656139,1.7509835302003012,8.138037792856306,-6.2099711605966466,2.442439623244617
numHidden 	10
numGenes 	93
minGene 	-3.0
maxGene 	3.0
popSize 	100
maxEvaluations 	20000
tournamentSize 	10
mutateRate 	1.0
mutateChange 	1.0
seed 	1616593002994
random 	java.util.Random@5d1361e1
neuralNetworkClass 	class coursework.ExampleHillClimber
Training Set Training
Fitness 0.01034403758468289