2.598046273940631,7.5067205486232185,0.6768464244581804,-0.3690642790436771,-0.9872683606855013,2.853358936728249,-6.790572843547558,-6.3831221372809654,-0.6787839044922923,-2.9391029899113734,-4.916626807994595,2.6652079541849796,2.147859476092977,-8.272793379134443,4.297599331570868,3.573070381278484,-3.621111920022857,-2.799608896767251,-2.2244458010536334,-0.6919599558567211,-3.432783952047081,-3.3476072694676073,1.152884707085367,2.959896108838188,0.43455489226724575,1.0254702941552605,-4.433637199980119,-4.745652209170262,-1.024856008237137,-5.499684366720004,4.208367470464245,-6.726623256424532,-2.2052657759256116,-0.8892535211929729,7.709264345937154,1.5217852295870584,4.685249808425345,1.8435878597116122,0.9455707889654579,3.9119578232813508,-1.3601461747347112,1.2135237538984913,4.244841475909918,-5.3912315318312825,1.5549388711796899,3.2913737679783086,3.9687560160406132,-3.8160150128324206,-6.6551417762192875,-5.3095777115172975,-1.6960612383238087,3.5744482965467874,1.312015907515409,-3.1209031001321144,-0.6244156110706927,2.3207198325112812,-0.2307760054187742,-2.810533130554166,-3.8779863861542694,-3.7171813716366593,4.103037736995806,-2.170294923546215,-1.8711719499653114,-0.9129131828430501,-0.10392703608752285,-7.715174770381959,-2.7806201527028462,-0.24685268116228465,-0.8068925163688636,-1.6963188751912444,6.233819303383253,2.282336333352383,2.500068108356881,-3.778613077791775,5.9020326492916295,4.258918876723587,-0.15320443011407048,2.2549853615003674,-5.373676625862116,4.32281294524661,6.023782920757192,-0.16363201561395813,-2.862256730715086,-2.0825251448310835,3.119876845070319,1.2101189313671898,-3.624475568166752,-2.600985056293398,-1.8577723833291342,0.8251286221394607,2.9621073908298765,-3.9874603043631573,3.5915709880427817
numHidden 	10
numGenes 	93
minGene 	-3.0
maxGene 	3.0
popSize 	100
maxEvaluations 	20000
tournamentSize 	10
mutateRate 	0.8
mutateChange 	0.8
seed 	1616602254167
random 	java.util.Random@333d2019
neuralNetworkClass 	class coursework.ExampleHillClimber
Training Set Training
Fitness 0.01931968984999695