2.4685549913609472,2.328152596715869,-0.8549747435643722,-1.3026920892471565,3.3839530541100062,-2.5981775260144526,-2.180425126595848,6.814957339376243,-6.167089637423973,-5.882542556637272,-3.2437869518630524,-3.086419618607418,1.8766570510217873,3.9282172544600824,-2.034387385713032,6.70562675881611,0.3180881590759108,0.21889287343863129,-2.3180533617888655,1.0384653363245875,1.5582396294468543,0.4398519478053635,-2.0488766466220527,-3.4347625183281965,-1.9542406819417735,-6.829184903990904,-6.578494418169617,-3.7610303290256697,-3.48947882535702,-4.8710446789718365,-1.447709462496937,-7.1331056869372444,8.054955973396083,0.5901052267368441,2.9558915290787526,-3.4150218723502705,2.7965916991130237,4.183655781395363,3.6293417591663797,0.37320153928721056,2.7127190603685243,0.7510283457250002,3.205907743789239,-1.369819364642426,2.033019478472739,2.5243954344611876,1.4717734646599248,-5.238730172157106,2.958414915029331,1.0866255812318684,4.04382736519858,1.107330958738602,0.05432087309756173,-4.18477700175039,-2.30674112119641,-0.04810127262632613,0.5739050325659751,-2.2076709921338704,1.1258373539755064,0.5925241704402935,-0.5881223431567348,-2.7203480240880973,-0.9065740797673509,1.747620057863046,0.7717583569563193,-0.9885150319044516,4.512446874669204,5.293180036563391,7.949490878696081,-2.849228415585432,6.203693065792868,-5.915706684800217,-3.7063070068126267,0.7824744880908987,0.14404736905810678,-1.3855806622370925,2.797757444536727,0.08529840619953899,-1.4656510902192588,3.7009361899658506,1.3114348815008727,2.027117871953185,-3.261189922687631,2.0585227637381474,-4.570542225678318,4.571255054377853,-0.3599333600569421,-3.467518451910614,-0.2778189151107895,-0.839949598089996,0.5801118824323019,-2.687843591440833,-3.881858607581586
numHidden 	10
numGenes 	93
minGene 	-3.0
maxGene 	3.0
popSize 	200
maxEvaluations 	20000
tournamentSize 	10
mutateRate 	0.8
mutateChange 	0.8
seed 	1616602835389
random 	java.util.Random@1c1e78bf
neuralNetworkClass 	class coursework.ExampleHillClimber
Training Set Test
Fitness 0.019487911876590176