8.782125786545528,-4.3224614421768734,4.2964913637819775,-4.689793420104305,-11.544880468560937,-4.286050248951096,-2.9411410947465324,-7.512854150264339,6.724420370070461,-5.899301630300307,-2.039523335119398,-0.26142538827314965,-16.108867615172876,-7.055696297272064,7.927915073766529,-2.3647680939066884,14.575856019960057,-9.968234849705592,-2.255196897069169,8.592250235465745,13.148434339796065,-6.7704696564523275,-3.571120113258935,-4.1596991377441555,0.956533400872754,-1.2253333803729642,-7.67161587161376,-16.57400318919589,14.523649435347185,-6.910722687405034,-2.3340113567778236,-2.077600800095799,-16.8257543474193,-2.1043107531468133,-6.360649883666983,-0.4792902783340711,1.5183314552133913,-6.2560761006464904,8.255705186405136,1.3519639449416214,8.88990423191687,-8.415553791465872,0.8337987592436358,-12.74722333071303,-13.816715199565536,-8.271826962141592,-8.4502049057681,5.7419241890656885,10.56848800816967,2.4322035449915163,-2.4653228843846735,1.7147805667554952,0.2913753043047649,-1.5662788156090106,-5.150998971436648,1.2903644428400973,1.1764514764062834,-0.9739985897977474,-1.8332668261324914,19.360981734891602,-6.450229245446476,-2.2705590263118234,-4.806745775725865,-2.302813155756114,-2.9134685375707496,3.257010462284329,6.723473919154302,1.951019787380094,-18.437452755716148,-3.6924811870431213,-4.1856360996251025,-11.421790373344479,3.6508879603300803,0.7415572054885153,6.802068164797604,5.565268909900949,-2.2454002692774226,-9.096020239430862,-9.162882185450403,-0.09985983334942539,4.403517269350422,-0.7467409987010543,7.242130286630694,-4.034712944717209,14.967792610382705,-5.957959626486458,-2.685265553188371,6.459859345018122,0.3528760661479131,-6.43529569700663,-4.795675134606325,-4.9272051395128855,-8.059709566873565
numHidden 	10
numGenes 	93
minGene 	-3.0
maxGene 	3.0
popSize 	100
maxEvaluations 	20000
tournamentSize 	10
mutateRate 	1.0
mutateChange 	1.0
seed 	1616591582588
random 	java.util.Random@670caa61
neuralNetworkClass 	class coursework.ExampleHillClimber
Training Set Training
Fitness 0.014619661888281713