-5.033159977381275,4.62357269371274,7.883362919356092,-1.9663224386512992,1.900716163329149,3.8747274377057543,6.759852355142829,-3.96709769850664,-4.386572888800645,7.656608267138257,-5.10940799592675,4.960061362378152,-1.6176402567640729,-12.08793069012579,-10.057312355170188,-2.123642401706255,-3.380912198810993,11.006749677778613,-9.971385849851911,9.629241059832722,-2.6292845288939164,6.938125054750378,3.951687541410701,-1.8368135277370543,1.6640178563027552,8.591682543294112,-2.9607018106796197,3.2082517851297085,5.64079911659515,2.597627241162641,-13.609744167491067,5.5824435103116095,-4.51436880370961,8.878634826443388,-6.240910131575729,-1.0252305033124953,-2.6126340887566277,-2.7962266651867616,-6.11587423305712,-10.605777665933653,5.2035478773978,-4.024170147010039,-5.162353873320396,7.475792521380393,2.1120932832766304,1.0788844611183537,-1.0645688754022746,-4.472025909946911,-3.6626701767084215,0.9000841793051535,3.8894514639584594,0.5870804496716193,1.0277302543968547,1.6141793500034138,-1.7785212278447755,-7.187948818904214,10.540404482020225,-3.518507433253345,2.4768562012085447,-2.6907127843812892,1.7526527465379953,-3.740397174817682,0.48666104182391035,2.9204136624456076,-4.426388668074063,2.866133669767976,10.82297270147425,5.636725662331596,-7.430737719223992,-8.845355085256696,11.67594548790138,-0.8775633574228072,-2.4581894372858315,8.077737398437028,-7.347131854297025,-1.6652981007075347,-2.980336304613255,2.6110888279830835,-7.541620580461926,0.4217560674635772,-5.083009491376143,-2.40075185653562,-1.9385105599608252,3.9613567968214047,-4.887938891323952,-3.84137456006615,-1.2109543530529159,5.170089753051412,-0.6286879576816218,-1.564775846132827,9.80676023460175,-6.030049534594862,6.9113101228605895
numHidden 	10
numGenes 	93
minGene 	-3.0
maxGene 	3.0
popSize 	100
maxEvaluations 	20000
tournamentSize 	10
mutateRate 	1.0
mutateChange 	1.0
seed 	1616593002994
random 	java.util.Random@5d1361e1
neuralNetworkClass 	class coursework.ExampleHillClimber
Training Set Training
Fitness 0.03664979167534209