-2.0799907271260727,6.957655908401623,-6.745026040478955,-8.777775529206162,-4.781942014004729,12.33490114744804,-9.61109802649733,-6.512720511817133,0.2116675720516623,-1.7524725403308343,-2.253751051952749,0.41741969152174807,5.000643548168345,-6.9549656079904265,-7.424665370089927,11.621614124212464,1.5010681189802266,-7.841713816943759,-2.1009851185599615,9.982785858465753,-1.6387287984459018,-9.483299653259838,-6.969730545392114,-2.2051470367601658,8.538155106525565,-1.0734102036865307,-7.315617405507247,-1.7059837402607378,-0.3381216819866095,-1.2523531107581682,0.3666049576129158,-1.852844162807318,8.649977801840848,10.951116119157454,5.024006158305192,-2.299277830394554,-0.9326509161201462,-5.6054615362689475,-2.5495335480731187,-9.64857611861721,4.789094145195962,-3.758096181567103,1.8266853508606022,4.317792398477445,-0.20857706776536933,6.947614165259406,3.3438849542536984,-2.9566459551892925
numHidden 	5
numGenes 	48
minGene 	-3.0
maxGene 	3.0
popSize 	200
maxEvaluations 	20000
mutateRate 	0.8
mutateChange 	1.0
seed 	1617203423886
random 	java.util.Random@48cf768c
neuralNetworkClass 	class coursework.ExampleHillClimber
Training Set Training
Fitness 0.01713602224250031